----- Test 1 -----
2 enemies - kobold, goblin
----------------------
After 100 episodes, mean return is 1.8956999999999993
and the total number of winning episodes is 94
the mean number of step per episode is 6.448669201520913
the mean number of step per winning epidose is 10.595744680851064
The rewards of the episodes are: [1.97, 1.97, 1.97, 1.97, 1.99, 1.95, 1.98, 1.98, 1.97, 1.96, 1.95, 1.97, 1.98, 1.99, 1.98, 1.98, 1.98, 1.99, 1.98, 1.98, 1.96, 1.99, 2.0, 1.97, 1.98, 1.97, 1.98, 1.96, 0.98, 2.0, 1.98, 1.99, 1.98, 0.98, 1.98, 1.98, 1.97, 1.96, 1.99, 1.97, 1.96, 1.99, 1.98, 1.99, 1.98, 1.98, 1.97, 1.95, 0.97, 1.94, 1.95, 1.98, 1.96, 0.99, 0.98, 1.97, 1.97, 1.95, 1.97, 1.99, 1.94, 1.98, 2.0, 1.95, 1.97, 1.97, 1.98, 1.99, 1.97, 1.97, 1.97, 1.96, 2.0, 1.94, 1.98, 0.0, 1.96, 1.97, 1.98, 1.99, 2.0, 1.99, 1.99, 1.98, 1.98, 2.0, 1.95, 1.98, 1.98, 1.99, 1.99, 1.97, 1.95, 1.98, 1.99, 0.98, 1.98, 1.98, 1.99, 1.97]

----- Test 2 -----
2 enemies - bat, giant bat
----------------------
After 100 episodes, mean return is 1.8137000000000003
and the total number of winning episodes is 89
the mean number of step per episode is 4.6798941798941796
the mean number of step per winning epidose is 7.550561797752809
The rewards of the episodes are: [1.98, 0.95, 1.98, 0.0, 1.96, 2.0, 1.98, 1.98, 1.98, 1.97, 0.98, 1.99, 1.96, 1.97, 1.98, 1.97, 1.99, 1.99, 1.98, 1.99, 1.99, 1.99, 1.99, 1.97, 1.99, 1.99, 0.99, 1.99, 1.98, 1.97, 1.98, 1.99, 1.99, 0.0, 1.99, 1.97, 1.99, 1.96, 1.98, 1.98, 1.96, 2.0, 1.97, 1.98, 1.97, 1.98, 1.98, 1.98, 1.98, 2.0, 1.98, 1.96, 1.98, 1.98, 1.97, 1.99, 2.0, 2.0, 0.97, 1.97, 2.0, 1.99, 1.97, 1.99, 1.99, 1.99, 1.99, 1.99, 1.99, 1.98, 1.98, 1.99, 1.99, 2.0, 1.98, 2.0, -0.01, -0.01, 0.99, 1.99, 1.99, -0.01, 1.98, 2.0, 1.97, 1.99, 1.99, 1.99, 1.99, 1.97, 1.98, 1.98, 1.99, 1.98, 0.0, 1.97, 2.0, 1.99, 1.98, 2.0]

----- Test 3 -----
2 enemies - kobold, giant bat
----------------------
After 100 episodes, mean return is 1.9040999999999995
and the total number of winning episodes is 94
the mean number of step per episode is 6.768802228412256
the mean number of step per winning epidose is 10.872340425531915
The rewards of the episodes are: [1.98, 1.96, 1.98, 1.98, 1.97, 1.97, 1.99, 1.98, 1.99, 1.97, 1.97, 1.98, 2.0, 1.97, 1.99, 1.97, 1.96, 1.97, 0.99, 1.98, 1.98, 1.97, 2.0, 1.97, 1.96, 1.98, 1.98, 1.99, 1.96, 1.99, 1.96, 1.99, 1.95, 1.98, 1.98, 1.99, 2.0, 1.98, 1.96, 1.98, 1.94, 1.98, 1.98, 1.98, 0.99, 1.99, 1.99, 1.98, 1.97, 1.97, 1.96, 1.97, 1.94, 1.98, 1.98, 1.97, 1.98, 1.98, 1.96, 1.98, 0.99, 1.97, 0.95, 1.97, 1.96, 1.98, 1.97, 0.98, 1.96, 2.0, 1.99, 1.95, 1.97, 1.98, 1.94, 2.0, 1.98, 1.93, 1.97, 1.99, 1.98, 1.97, 1.96, 1.98, 1.96, 1.96, 1.95, 1.96, 1.98, 1.97, 1.97, 1.98, 1.96, 1.97, 1.98, 1.98, 1.95, 0.0, 1.99, 1.96]

----- Test 4 -----
3 enemies - kobold, goblin, giant bat
----------------------
After 100 episodes, mean return is 2.5074999999999994
and the total number of winning episodes is 74
the mean number of step per episode is 8.963963963963964
the mean number of step per winning epidose is 15.567567567567568
The rewards of the episodes are: [2.92, 1.96, 2.9699999999999998, 2.99, 2.94, 2.91, 2.9699999999999998, 2.9699999999999998, 1.94, 2.95, -0.02, 0.96, 2.98, 0.98, 0.99, 2.9699999999999998, 2.96, 2.9699999999999998, 2.9699999999999998, 0.99, 2.98, 2.9699999999999998, 2.98, 1.97, 2.9699999999999998, 2.9699999999999998, 2.9699999999999998, 2.99, 2.95, 3.0, 2.95, 1.94, -0.01, 2.92, 2.98, 2.99, 1.99, 0.0, 2.96, 2.92, 2.98, -0.01, 2.95, 2.9699999999999998, 2.9699999999999998, 2.98, 2.95, 2.9699999999999998, 2.9699999999999998, 2.98, 2.95, 1.96, 2.98, 2.94, 0.0, 2.95, 2.95, 2.9299999999999997, 1.98, 1.97, 2.94, 2.9699999999999998, 2.9699999999999998, 1.99, 2.98, 2.98, 1.96, 2.9699999999999998, 2.91, 0.99, 2.9699999999999998, 2.98, 2.94, 2.94, 2.96, 2.96, 2.99, 1.98, 0.0, 0.97, 2.92, 2.9699999999999998, 2.9699999999999998, 2.9699999999999998, 2.9699999999999998, 2.9699999999999998, 2.96, 2.9699999999999998, 2.99, 2.99, 2.96, 2.98, 1.96, 2.9699999999999998, 2.9699999999999998, 2.9699999999999998, 2.98, 2.99, 0.97, 0.99]

----- Test 5 -----
3 enemies - kobold, giant bat, bat
----------------------
After 100 episodes, mean return is 2.3023999999999996
and the total number of winning episodes is 66
the mean number of step per episode is 7.179091688089118
the mean number of step per winning epidose is 13.06060606060606
The rewards of the episodes are: [0.97, 1.95, 2.96, 2.9699999999999998, -0.02, 2.95, 2.98, 2.98, 0.99, 2.94, 2.94, 2.96, 2.9699999999999998, 2.94, 2.95, 2.98, 2.99, 2.9699999999999998, 2.9699999999999998, -0.01, 0.97, 2.99, 2.95, 1.98, 1.98, 1.98, 2.9699999999999998, 2.98, 2.9699999999999998, 2.96, 2.96, 0.99, 2.95, 2.9699999999999998, 2.94, 0.99, 1.95, 2.99, 0.98, 2.99, 2.96, 2.96, 2.98, -0.01, 2.96, 0.0, 2.96, 2.98, 2.9299999999999997, 2.98, 0.99, 3.0, 1.97, 2.9699999999999998, -0.01, 2.95, 2.96, 2.96, 2.9699999999999998, 2.9699999999999998, 2.9299999999999997, 2.94, 2.94, 0.0, 1.98, 2.98, 0.98, 1.98, 3.0, 2.9699999999999998, 1.0, 2.96, 0.97, 0.96, 2.9299999999999997, 2.9699999999999998, 2.98, -0.01, 2.96, 1.0, 2.9699999999999998, 2.9699999999999998, 2.9699999999999998, 2.99, 2.9699999999999998, 2.99, -0.01, 2.9699999999999998, 3.0, 2.0, 2.96, 2.98, 2.98, 1.99, 1.98, -0.01, 0.0, 2.98, 2.9699999999999998, 0.97]
