----- Test 1 -----
2 Enemies - giant bat, kobold
----------------------
After 100 episodes, mean return is 1.7647999999999997
and the total number of winning episodes is 87
The rewards of the episodes are: [1.99, 1.97, 1.98, 1.98, 1.96, -0.01, 2.0, 1.99, 1.97, 1.96, 1.97, 2.0, 1.94, 1.97, 1.95, 1.99, 0.96, 0.97, 2.0, 1.94, 1.98, 2.0, -0.01, 1.98, 1.94, 0.95, 1.97, 1.99, 1.97, 1.97, 1.98, 1.98, 1.99, 1.94, 1.97, 1.99, 1.95, 0.98, 0.0, 0.98, 1.96, 2.0, 1.97, 1.96, 1.99, 1.97, 1.98, 1.97, 1.99, 1.99, 0.98, 1.99, -0.01, 1.98, 1.97, 1.99, 1.98, 1.97, 1.99, 1.99, 1.96, 1.97, 1.95, 1.99, 1.97, 0.99, -0.01, 1.99, 1.96, 1.97, 1.99, 1.99, 1.98, 1.99, 1.99, 1.97, 1.95, 1.98, 1.98, 1.97, 1.99, 1.96, -0.01, 1.98, 1.97, 1.96, 1.95, 0.0, 1.96, 1.96, 1.98, 1.96, 1.9, 1.99, 1.98, 1.96, 1.96, 1.96, 1.99, 1.96]
----------------------
After 100 episodes, mean return is 1.7543999999999988
and the total number of winning episodes is 84
The rewards of the episodes are: [1.99, 0.99, 1.98, 1.97, 1.97, 2.0, 0.0, 0.0, 1.97, 1.98, 1.97, 1.97, 2.0, 1.97, 1.98, 1.96, 1.98, 1.96, 1.95, 1.97, 2.0, 1.97, 2.0, 1.97, 1.96, 0.94, 1.98, 1.99, 1.96, 1.98, 0.98, 1.98, 1.97, 1.99, 1.95, 1.98, 1.99, 0.97, 1.98, 1.97, 1.99, 1.99, 1.98, 1.98, 1.99, 1.98, 1.97, 1.97, 1.96, 1.99, 1.98, 1.96, 1.99, 1.97, 2.0, 0.0, 1.98, 1.99, 1.97, 1.96, 1.97, 1.95, 1.97, 1.97, 1.98, 1.96, -0.02, 1.94, 0.99, 1.99, 1.97, 1.99, 1.96, 1.99, 1.95, 1.93, 1.98, 1.95, 0.0, 1.97, 1.95, 1.99, 1.98, -0.060000000000000005, 0.95, 0.99, 1.98, 1.97, 2.0, 1.97, 0.98, 1.91, 1.97, 1.98, 1.95, 0.99, 1.96, 0.98, 1.98, 1.96]
----------------------
After 100 episodes, mean return is 1.8344999999999982
and the total number of winning episodes is 91
The rewards of the episodes are: [1.97, -0.01, 1.99, 2.0, 1.98, 1.97, 1.97, 1.98, 1.98, 0.97, 1.98, 1.97, 1.99, 1.98, 1.96, 1.98, 1.99, 0.99, 1.98, 1.99, 1.97, 1.0, 1.97, 1.99, 1.95, 1.98, 1.99, 1.99, 1.98, 1.99, 1.96, 1.99, 1.96, 1.98, 1.96, 1.97, 1.98, 1.98, 1.96, 1.95, 1.96, 1.95, 1.95, 1.97, 1.97, 1.97, 0.0, 1.98, 1.98, 1.97, 1.97, 1.95, -0.01, 0.96, 1.98, 1.97, 1.99, 1.96, 1.99, 1.97, 1.97, 1.99, 1.98, 0.0, 1.97, -0.01, 1.91, 1.97, 1.96, 1.98, 1.98, 1.97, 1.96, 1.98, 1.95, 1.99, 1.97, 1.95, 1.98, 1.98, 1.98, 1.95, 1.98, 1.99, 1.96, 1.95, 1.98, 1.98, 1.98, 1.97, 1.96, 1.98, 1.98, 1.97, 1.98, 1.97, 1.98, 1.98, 1.98, 1.98]
----------------------
After 100 episodes, mean return is 1.9041999999999986
and the total number of winning episodes is 94
The rewards of the episodes are: [1.97, 1.98, 1.97, 1.96, 1.99, 1.98, 1.96, 1.98, 1.98, 1.98, 1.96, 1.97, 1.98, 1.97, 1.99, 1.98, 0.98, 1.93, 1.95, 1.98, -0.02, 1.97, 1.98, 1.98, 1.95, 1.98, 1.97, 1.98, 1.98, 2.0, 1.95, 1.97, 1.98, 1.99, 1.99, 1.96, 1.98, 1.95, 1.98, 0.99, 2.0, 1.97, 1.97, 1.98, 1.98, 0.95, 1.98, 1.99, 1.98, 1.97, 1.97, 1.98, 0.98, 1.96, 1.97, 1.98, 1.95, 1.98, 1.98, 1.99, 0.99, 1.96, 1.99, 1.99, 1.97, 1.98, 1.99, 1.96, 1.98, 1.99, 1.98, 1.98, 1.95, 2.0, 1.98, 1.97, 1.98, 1.99, 1.98, 1.95, 1.98, 1.97, 1.96, 1.98, 2.0, 1.99, 1.94, 1.98, 1.95, 1.98, 1.92, 1.97, 2.0, 1.94, 1.97, 1.99, 1.97, 1.98, 1.96, 1.97]
----------------------
After 100 episodes, mean return is 1.865699999999999
and the total number of winning episodes is 91
The rewards of the episodes are: [1.99, 1.97, 1.99, 1.96, 1.98, 1.97, 1.99, 1.98, 1.99, 1.98, 1.98, 1.97, 1.98, 1.97, 1.96, 1.97, 1.96, 1.0, 1.98, 1.99, 1.97, 1.98, 1.98, 1.98, 1.98, 1.99, 0.99, 2.0, 1.98, 1.97, 1.97, 0.97, 1.97, 1.97, 1.99, 0.8399999999999999, 1.98, 1.98, 1.99, 1.98, 1.96, 1.97, 1.97, 1.97, 1.99, 0.98, 1.96, 1.95, 1.99, 1.98, 1.98, 1.96, -0.02, 2.0, 1.99, 2.0, 1.96, 1.97, 0.99, 1.97, 1.97, 1.97, 1.98, 1.96, 1.99, 0.0, 1.98, 1.96, 1.98, 1.98, 1.99, 1.97, 1.98, 1.98, 1.96, 1.97, 2.0, 1.98, 1.97, 1.97, 1.98, 1.96, 1.97, 1.98, 1.99, 1.99, 1.98, 1.97, 1.97, 0.98, 1.97, 1.97, 1.97, 1.99, 1.97, 1.96, 1.96, 1.98, 1.97, 1.98]

----- Test 2 -----
3 Enemies - giant bat, bat, kobold
----------------------
After 100 episodes, mean return is 2.4401999999999986
and the total number of winning episodes is 71
The rewards of the episodes are: [1.98, 2.9699999999999998, 2.9699999999999998, 2.98, 0.96, 2.95, 2.94, 2.98, 2.99, -0.01, 2.95, 2.99, 2.96, 2.99, 1.99, 0.9299999999999999, 1.94, 2.98, -0.01, 1.99, 1.98, 2.9699999999999998, 0.0, 1.95, 2.99, 2.96, 2.9699999999999998, -0.01, 1.98, 2.96, 2.96, 2.95, 1.97, 2.9699999999999998, 2.99, 2.9699999999999998, 2.99, 2.9699999999999998, 2.96, 2.98, 1.97, 2.94, 2.99, 1.98, -0.01, 2.98, 2.98, 2.98, 2.99, 1.94, 2.95, 2.98, 2.9699999999999998, 2.98, 2.98, 2.96, 2.9699999999999998, 1.98, 1.95, 2.96, 2.9699999999999998, 2.9699999999999998, 2.96, 1.96, 2.9699999999999998, 2.99, 2.95, 0.99, 2.9699999999999998, 2.9699999999999998, 2.9699999999999998, 2.95, 1.94, 2.98, -0.01, 2.9699999999999998, 1.94, -0.02, 2.96, 2.92, 2.95, 2.99, 2.95, 1.94, 2.94, 2.9699999999999998, 2.96, 2.99, 2.95, 2.9699999999999998, 0.0, 2.98, 2.98, 2.98, -0.01, 2.98, 3.0, 2.9699999999999998, -0.02, 2.95]
----------------------
After 100 episodes, mean return is 2.5012999999999983
and the total number of winning episodes is 77
The rewards of the episodes are: [2.98, 2.95, 2.95, 2.95, 2.95, 2.9699999999999998, -0.01, 2.98, 2.9699999999999998, 2.98, 2.9299999999999997, 2.9699999999999998, 2.99, 2.98, 2.99, 2.9699999999999998, 2.96, -0.01, 2.9699999999999998, 2.95, 1.97, 0.0, 2.9699999999999998, 0.98, 2.94, 2.99, -0.02, 2.98, 2.96, 2.9699999999999998, 2.99, 0.94, 2.94, -0.01, 0.94, 2.96, 0.99, 2.98, 2.96, 2.98, 2.96, 2.95, 2.98, 2.96, 2.98, 2.98, 2.96, 2.99, 2.0, 2.9699999999999998, 2.99, 2.9699999999999998, 2.96, 2.96, 2.94, 2.96, 1.98, 2.98, 0.98, 1.98, 2.9699999999999998, 2.9699999999999998, 2.98, 1.97, 2.9699999999999998, 2.96, 0.0, 2.9699999999999998, 2.99, 2.98, 1.0, -0.01, 2.99, 1.95, 2.95, 2.92, 0.99, 2.9699999999999998, 2.95, 2.9699999999999998, 2.96, 2.99, 2.98, 2.9699999999999998, 0.0, 1.0, 2.96, 2.98, 2.98, 1.95, 2.9699999999999998, 2.9699999999999998, 2.98, 2.98, 2.9699999999999998, 2.98, 2.95, 2.9699999999999998, 2.9699999999999998, 2.9699999999999998]
----------------------
After 100 episodes, mean return is 2.4311999999999996
and the total number of winning episodes is 73
The rewards of the episodes are: [2.96, 2.96, 2.98, 2.98, 1.0, 2.98, 2.94, 0.0, 0.97, 2.96, 2.98, -0.02, 2.9699999999999998, 2.95, 2.96, 1.95, 2.9699999999999998, 2.98, -0.01, 2.96, 2.9699999999999998, 3.0, 2.96, 2.9699999999999998, 2.9699999999999998, -0.03, 2.96, 1.99, 2.95, 2.94, 2.94, 2.98, 2.95, 1.0, 0.0, 2.94, 2.96, 2.98, 2.95, 1.99, 2.96, 2.9699999999999998, 1.96, 2.99, 1.94, 2.9699999999999998, 2.9699999999999998, 1.0, 2.98, 2.95, 2.9699999999999998, 2.96, 2.9699999999999998, 2.98, 1.98, 2.98, 2.98, 2.96, 0.0, 2.9699999999999998, 2.98, 2.9299999999999997, 2.98, 2.98, 1.95, 3.0, -0.02, 1.0, 1.98, 2.99, 2.96, 2.96, 2.9699999999999998, 2.99, 2.96, 1.96, 2.96, -0.01, 0.0, 2.94, 2.99, 3.0, 2.9699999999999998, 2.9699999999999998, 2.96, 2.96, 2.96, 0.0, 2.9699999999999998, 2.96, 2.95, 2.99, 2.9699999999999998, 2.9699999999999998, -0.01, 2.96, 1.95, 1.95, 2.99, 2.9699999999999998]
----------------------
After 100 episodes, mean return is 2.539099999999999
and the total number of winning episodes is 75
The rewards of the episodes are: [2.98, 2.96, 1.97, 0.99, 0.97, 2.95, 2.96, 2.9699999999999998, 2.98, 2.99, 2.9699999999999998, 1.98, 0.99, 2.94, 2.96, -0.01, 2.98, 2.9299999999999997, 3.0, 2.96, -0.01, 1.97, 2.98, 2.9699999999999998, 1.0, 2.96, 2.99, 2.95, 2.95, 2.99, 2.98, 2.9299999999999997, 2.96, 2.95, 2.8899999999999997, 2.96, 1.98, 2.9699999999999998, 2.98, 2.98, 2.96, 2.95, -0.02, 1.97, 2.98, 0.99, 2.9699999999999998, 2.92, 0.99, -0.01, 2.98, 2.95, 2.9699999999999998, 2.95, 2.95, 1.98, 2.94, 2.96, 2.95, 2.96, 2.9699999999999998, 1.97, 2.94, 2.98, 2.98, 1.97, 1.97, 2.98, 2.9699999999999998, 2.96, 2.98, 2.99, 2.99, 2.98, 2.99, 2.95, 2.94, 2.98, 2.99, 2.99, 2.9699999999999998, 2.98, 2.98, 1.95, 2.96, 0.96, 2.96, 2.9699999999999998, 2.95, 2.99, 1.96, 2.95, 2.98, 0.99, 2.96, 2.9699999999999998, 1.98, 2.99, -0.03, 2.98]
----------------------
After 100 episodes, mean return is 2.3951000000000007
and the total number of winning episodes is 69
The rewards of the episodes are: [0.99, 0.98, -0.02, 2.96, 2.96, 2.98, 2.9699999999999998, 2.9699999999999998, 1.0, 1.0, 2.95, 2.98, 2.98, 2.96, 2.99, 1.97, 2.98, 2.96, 1.96, 2.9699999999999998, 2.95, 2.96, 0.0, 2.9699999999999998, 1.98, 1.98, 2.9699999999999998, 2.98, 0.99, 1.98, 2.98, 0.0, 2.95, 2.96, 2.9699999999999998, 2.98, 2.9699999999999998, 2.96, 2.9699999999999998, 2.98, 2.98, 2.99, 1.99, 1.99, 2.98, 2.96, 2.9699999999999998, 2.9699999999999998, 2.98, 2.9699999999999998, 2.9699999999999998, 2.98, 1.98, 1.96, 0.0, 2.9699999999999998, 1.97, 2.96, -0.01, 2.9699999999999998, 0.9299999999999999, 2.96, 3.0, 0.99, 2.96, 2.94, 1.97, 2.9699999999999998, 0.0, 0.99, 2.96, 2.96, 2.9699999999999998, 2.9699999999999998, 2.99, 0.96, 2.99, 1.99, 2.98, 2.9699999999999998, 2.98, 2.96, 2.96, 2.9699999999999998, 2.98, 0.0, 2.99, 2.98, 2.96, 1.98, 2.99, 2.99, 0.97, 2.9699999999999998, 2.9699999999999998, 2.9699999999999998, 1.99, 2.98, 0.99, 1.98]